0	|	2.591506	|2.591506
1	|	1.026832	|1.027575
2	|	0.470972	|3207217806300.699219
3	|	0.014426	|195987367505176265412454492343714232632763217870848.000000
4	|	0.006304	|878781625867195699362340287335267017725061370047465491791227341442736981854923272722296991808493017579239384329536305603699772377303349169026080662853834311623868705789086477604014619542742099820544.000000
5	|	0.002128	|inf
6	|	0.000000	|-nan
7	|	0.000000	|-nan
8	|	0.000000	|-nan
9	|	0.000000	|-nan
10	|	0.000000	|-nan
11	|	0.000000	|-nan
12	|	0.000000	|-nan
13	|		|-nan
14	|		|-nan
15	|		|-nan
16	|		|-nan
17	|		|-nan
18	|		|-nan
19	|		|-nan
